2025-04-24,Deira,99,41,59,20,12,259.74,"### 1. Rationale for Prediction of 260 Units
The predicted demand of 260 units of FluVax logically corresponds with the total flu-related cases identified through healthcare data (138 cases) combined with social media sentiment (12 mentions). The demand likely reflects not only the current volume of infections but also proactive measures in anticipation of flu's potential spread.

### 2. Influential Factors
- **Hospital Flu Cases (99)**: Direct indicator of acute flu cases requiring vaccination.
- **GP Flu Cases (41)**: Represents additional cases being seen in primary care settings.
- **Hospital Respiratory Cases (59)**: Indirectly indicates potential flu-related illnesses, bolstering vaccine demand.
- **Social Media Mentions (12)**: Signifies public concern and awareness, which can drive demand.

### 3. Recommendations for Logistics Team
- **Monitor Trends**: Implement real-time monitoring of flu cases and social media trends to adjust supply dynamically.
- **Stock Management**: Ensure adequate inventory levels in hospitals and GP offices based on the identified predictive demand.
- **Collaboration**: Work closely with healthcare providers to understand changing patient needs and adjust delivery schedules accordingly.

### 4. Potential Risks or Uncertainties
- **Underreporting of Cases**: Actual flu cases could be higher due to missed diagnoses.
- **Variation in Social Media Impact**: Social media chatter may not correlate directly to actual vaccination uptake.
- **Supply Chain Disruptions**: Potential disruptions in logistics or supply chain could hinder timely distribution.
- **Vaccine Efficacy**: Uncertainty about the effectiveness of the vaccine in the current flu season could impact demand."
2025-04-24,Bur Dubai,152,69,89,41,8,317.1,"### Predicted Demand Analysis for FluVax (317 units)

1. **Why This Prediction Makes Sense:**
   The predicted demand of 317 units of FluVax aligns with the observed flu cases across various healthcare settings. The total flu cases (221 from hospitals and GPs) indicate a heightened need for vaccination, supported by a surge in respiratory cases (130 combined). Social media mentions, albeit lower, suggest community awareness and potential demand spikes.

2. **Most Influential Factors:**
   - **Hospital Flu Cases (152):** Indicates immediate and critical need for vaccination.
   - **GP Flu Cases (69):** Signals community-level flu concerns.
   - **Hospital Respiratory Cases (89):** Reinforces the need for prevention strategies to mitigate flu impact.

3. **Recommendations for the Logistics Team:**
   - **Ensure timely distribution:** Coordinate with hospitals and GP offices to have sufficient stock on hand.
   - **Monitor real-time data:** Regularly assess flu activity and social media trends to adjust supply as needed.
   - **Expand outreach:** Engage in awareness campaigns to educate about vaccination benefits, potentially increasing demand.

4. **Potential Risks or Uncertainties:**
   - **Fluctuating demand:** Variability in flu case numbers can lead to mismatched inventory levels.
   - **Vaccine acceptance:** Public hesitancy toward vaccination could limit uptake despite the predicted need.
   - **Logistical disruptions:** Supply chain issues could impact availability, necessitating contingency plans."
2025-04-24,Jumeirah,86,25,52,8,8,214.13535777205124,"### Analysis of Predicted Demand for FluVax: 214 Units

1. **Rationale for Prediction**:
   - The predicted demand of 214 units aligns with the observed increase in flu and respiratory cases across both hospitals and GP practices. The combination of 86 hospital flu cases and 25 GP flu cases indicates a significant influenza presence in the community. Additionally, the total number of respiratory cases (60) (52 hospital + 8 GP) can indicate the potential for overlapping demand for FluVax.

2. **Most Influential Factors**:
   - **Hospital Flu Cases (86)**: Highest impact, directly correlates with hospitalization and vaccine distribution needs.
   - **GP Flu Cases (25)**: Indicative of community-level flu outbreaks, influencing demand among outpatients.
   - **Social Media Flu Mentions (8)**: Suggests growing public awareness and potential demand surge for vaccination.

3. **Recommendations for the Logistics Team**:
   - **Inventory Management**: Ensure stock levels are closely monitored to meet anticipated demand, considering the increase in cases.
   - **Distribution Planning**: Prioritize hospitals and GP clinics based on reported case numbers to optimize delivery routes and timing.
   - **Communication Strategy**: Collaborate with healthcare providers to disseminate information about vaccine availability and encourage vaccination.

4. **Potential Risks or Uncertainties**:
   - **Underreporting**: Actual flu cases may be higher than reported, leading to unexpected surges in demand.
   - **Vaccination Hesitance**: Public reluctance to receive the vaccine may affect actual uptake, deviating from predicted demand.
   - **Logistical Disruptions**: Supply chain issues or adverse weather conditions could delay distribution and impact availability. 

In summary, the understanding of flu cases and social media metrics supports the predicted demand for FluVax, with focused strategies recommended for effective logistics support amidst potential uncertainties."
2025-04-24,Deira,92,48,47,31,26,269.58839630534226,"### 1. Demand Prediction Justification
The predicted demand of 270 units of FluVax is grounded in the combined flu and respiratory case data from hospitals and GP practices. The total of 92 (hospital flu) + 48 (GP flu) + 47 (hospital respiratory) + 31 (GP respiratory) plus social media mentions (26) suggests a heightened awareness and prevalence of flu and related conditions, thereby forecasting the need for preventative measures like vaccinations.

### 2. Influential Factors
- **Total Flu Cases**: 140 cases (hospital and GP combined) indicate a current surge in flu incidences.
- **Respiratory Cases**: 78 cases (hospital and GP) suggest additional illness that may compound the need for vaccinations.
- **Social Media Mentions**: 26 mentions reflect public interest and potential demand, driving increased vaccination awareness.

### 3. Recommendations for the Logistics Team
- **Increase Inventory**: Prepare to meet the demand by ensuring sufficient stock levels of FluVax.
- **Monitor Trends**: Regularly track flu case trends and social media activity to adjust logistics proactively.
- **Optimize Distribution Routes**: Ensure efficient distribution channels to hospitals and GP clinics experiencing the highest case volumes.

### 4. Potential Risks or Uncertainties
- **Demand Volatility**: Demand may outstrip real needs due to public perception and panic, causing excess stock if cases decline unexpectedly.
- **Fluctuating Reporting**: Variability in hospital or social media data could mislead demand forecasting.
- **Supply Chain Disruptions**: External factors such as transportation delays or raw material shortages could hinder timely vaccine delivery."
2025-04-24,Bur Dubai,66,23,36,10,4,191.7373368029127,"### Analysis of Predicted Demand for 192 Units of FluVax

1. **Rationale for Prediction**: 
   The predicted demand of 192 units aligns with observed flu cases (both hospital and GP) and respiratory cases that may indicate a rise in related illnesses. The data shows a total of 135 flu and respiratory cases (66 hospital + 23 GP + 36 hospital + 10 GP), suggesting a high demand for vaccination despite only 4 social media mentions. This expected usage stems from the current case statistics and the seasonal nature of flu outbreaks.

2. **Influential Factors**:
   - **Hospital Flu Cases**: The high number of hospital cases (66) indicates severe flu prevalence, driving vaccination demand.
   - **GP Flu Cases**: GP case counts (23) also contribute, suggesting community-level flu activity.
   - **Respiratory Cases**: The presence of respiratory cases (46 total) may further incentivize flu vaccinations as patients may seek preventive measures.
  
3. **Recommendations for Logistics Team**:
   - **Inventory Adjustment**: Ensure appropriate stock levels to meet the predicted demand of 192 units.
   - **Supply Chain Coordination**: Enhance partnerships with distributors to ensure timely delivery based on demand surges.
   - **Monitoring and Flexibility**: Implement a real-time data monitoring system to adjust logistics dynamically as case counts change.

4. **Potential Risks and Uncertainties**:
   - **Data Reliability**: Fluctuations in flu case reporting due to healthcare capacity or variation in how cases are reported can impact accuracy.
   - **Public Response**: Uncertainty around public willingness to receive the vaccine based on external factors like misinformation or vaccine availability perceptions.
   - **External Factors**: Unpredictable spikes in flu cases due to environmental influences (e.g., weather patterns) could lead to demand fluctuations. 

This concise assessment suggests the logistical team prepare for demand variations based on fluctuating epidemiological trends."
2025-04-24,Jumeirah,88,31,58,14,6,250.1725337601822,"### Analysis of Predicted Demand for 250 Units of FluVax

1. **Prediction Justification**:  
   The prediction of 250 units of FluVax is supported by a total of 88 (hospital) + 31 (GP) flu cases, and the existence of 58 (hospital) + 14 (GP) respiratory cases, indicating a significant respiratory virus presence. Combined, they suggest increased flu activity necessitating vaccination. The low social media mentions (6) may reflect general public awareness or concern about flu, rather than a significant spike in influenza.

2. **Most Influential Factors**:  
   - **Hospital Flu Cases (88)**: Directly indicates a higher demand for flu vaccinations.  
   - **GP Flu Cases (31)**: Adds to the overall community burden, enhancing vaccination need.  
   - **Hospital Respiratory Cases (58)**: Suggests a broader respiratory illness trend, which could correlate with increased flu prevalence.

3. **Recommendations for the Logistics Team**:  
   - **Forecast Monitoring**: Regularly assess flu trends and adjust inventory in response to emerging data.  
   - **Supply Chain Preparedness**: Ensure that necessary storage and distribution capacity for FluVax is in place.  
   - **Engage with Stakeholders**: Coordinate with hospitals and GP offices to align on vaccination campaigns and stock requirements.

4. **Potential Risks or Uncertainties**:  
   - **Data Volatility**: Flu case numbers can fluctuate rapidly, affecting demand predictions.  
   - **Public Reception**: Vaccine hesitancy could reduce actual demand despite predicted needs.  
   - **Logistical Challenges**: Disruptions in supply chains may affect the availability of FluVax, impacting delivery timelines.

In summary, while the prediction of 250 units appears justified based on flu and respiratory case numbers, continuous monitoring and adaptability in logistics are essential to respond effectively to real-time data and potential challenges."
2025-04-24,Deira,99,32,63,10,13,335.73508408023804,"### Analysis of Predicted Demand for FluVax (336 Units)

1. **Why This Prediction Makes Sense:**
   - The predicted demand of 336 units aligns with the observed flu and respiratory cases in hospitals and GP practices, indicating a growing need for the vaccine. The combined number of cases suggests an uptick in flu activity, prompting higher vaccination rates.

2. **Most Influential Factors:**
   - **Hospital Flu Cases (99):** Directly indicates severe need.
   - **GP Flu Cases (32):** Reflects outpatient demand and awareness.
   - **Social Media Flu Mentions (13):** Signals public interest and potential uptake.

3. **Recommendations for the Logistics Team:**
   - Prepare for swift distribution, focusing on regions with high hospital and GP flu cases.
   - Monitor social media trends to adjust inventory proactively based on public perception and concerns.
   - Collaborate with hospitals and GP practices to disseminate vaccination information effectively.

4. **Potential Risks or Uncertainties:**
   - Variability of flu season severity may impact actual vaccine uptake.
   - Social media sentiment can shift unpredictably, influencing demand.
   - Supply chain disruptions could hinder logistics and delivery timelines.

This concise analysis provides a framework for understanding the demand and preparing for effective distribution of FluVax."
2025-04-24,Bur Dubai,58,19,40,12,6,161.21317398319567,"### Analysis of Predicted Demand for FluVax

1. **Rationale for Predicted Demand**:
   The prediction of 161 units of FluVax can be correlated with the total flu/respiratory cases combined (58 hospital flu cases + 19 GP flu cases + 40 hospital respiratory cases + 12 GP respiratory cases = 129 cases). The addition of social media mentions (6) suggests heightened awareness or concern among the public, potentially driving demand.

2. **Most Influential Factors**:
   - **Hospital and GP Flu Cases**: The primary contributors indicating current need.
   - **Hospital Respiratory Cases**: Suggests potential overlap with flu cases and increased demand.
   - **Social Media Mentions**: Reflects public sentiment and awareness, influencing demand.

3. **Recommendations for the Logistics Team**:
   - **Adjust Inventory Levels**: Increase stock of FluVax based on hospital and GP demand trends.
   - **Monitor Social Media Trends**: Utilize analytics to stay ahead of public interest and adjust supplies accordingly.
   - **Enhance Distribution Channels**: Ensure fast delivery mechanisms to meet unexpected spikes due to real-time flu developments.

4. **Potential Risks or Uncertainties**:
   - **Demand Fluctuations**: Sudden changes in flu rates or public behavior may lead to over or understocking.
   - **Data Gaps**: Limited information on vaccination distribution or regional disparities may skew predictions.
   - **Supply Chain Disruptions**: External factors like supplier issues or transportation delays could impact delivery capabilities. 

In summary, the predicted demand appears justified but requires rigorous monitoring and flexibility in logistics to adapt to real-time health developments."
2025-04-24,Jumeirah,89,36,50,21,8,235.1181345177977,"### 1. Why the Prediction Makes Sense
The predicted demand of 235 units of FluVax is supported by a combined assessment of flu and respiratory cases reported by both hospitals and GP practices, signifying a heightened health concern. The aggregate of 89 (hospital flu) + 36 (GP flu) + 50 (hospital respiratory) + 21 (GP respiratory) cases indicates a total of 196 relevant cases. The social media flu mentions further highlight public awareness and concern, suggesting an anticipated increase in vaccine uptake.

### 2. Most Influential Factors
- **Hospital Flu Cases (89)**: Indicates a significant prevalence of flu, necessitating vaccination.
- **GP Flu Cases (36)**: Reflects additional flu occurrences that support the demand forecast.
- **Total Respiratory Cases (71)**: Suggests wider respiratory illness trends that may drive vaccine demand.
- **Social Media Mentions (8)**: While lower, it reflects community awareness and potential increased demand.

### 3. Recommendations for the Logistics Team
- **Inventory Management**: Ensure sufficient stock of FluVax based on the predicted demand of 235 units, considering fluctuations in case reporting.
- **Distribution Strategy**: Prioritize distribution to hospitals and GP practices with higher flu case counts.
- **Monitoring**: Implement real-time tracking of flu and respiratory cases to adjust supply dynamically.

### 4. Potential Risks or Uncertainties
- **Unexpected Surge in Cases**: If flu cases rise significantly beyond projections, demand may exceed available supply.
- **Public Perception**: If social media sentiment shifts negatively, it may reduce vaccine uptake unexpectedly.
- **Supply Chain Disruptions**: Consider vulnerabilities in the supply chain that could impact the availability of FluVax prior to peak flu season."
2025-04-24,Deira,101,38,59,20,10,330.4414192050277,"### Analysis of Predicted Demand of 330 Units of FluVax

#### 1. Rationale for Prediction
The predicted demand of 330 units of FluVax is supported by a cumulative analysis of flu and respiratory illness cases across both hospitals and general practitioners (GPs), generating a potential need for vaccination. The total cases (hospital and GP flu cases: 139 and respiratory cases: 79), coupled with social media mentions, contribute to a heightened awareness and demand for vaccination.

#### 2. Influential Factors
- **Hospital flu cases (101)**: Indicates a significant level of flu activity leading to increased vaccination needs.
- **GP flu cases (38)**: Further supports the need for robust vaccination in community settings.
- **Hospital respiratory cases (59)** and **GP respiratory cases (20)**: Reflects related illnesses that can increase flu risk, necessitating vaccinations.
- **Social media flu mentions (10)**: Suggests public discussion and concern about flu, potentially driving demand.

#### 3. Recommendations for the Logistics Team
- **Increase stock levels**: Prepare for potential surges in demand by increasing inventory of FluVax.
- **Optimize distribution channels**: Ensure timely deliveries to hospitals and GP practices to meet anticipated demand.
- **Monitor case trends**: Continuously analyze incoming data on flu and respiratory illness to adjust logistics as needed.
- **Engage in awareness campaigns**: Utilize social media to promote the importance of vaccination, potentially boosting demand further.

#### 4. Potential Risks or Uncertainties
- **Data Reliability**: Fluctuations in hospital and GP reporting could affect demand accuracy.
- **Unexpected Outbreaks**: Higher-than-predicted case surges could either overstrain supply or lead to shortages if not properly managed.
- **Public Perception**: Changes in public attitudes toward vaccinations can affect demand unexpectedly.
- **Logistical Disruptions**: Factors like transportation issues or supplier delays could hinder timely distribution of FluVax.

By addressing these recommendations while remaining vigilant to potential risks, the logistics team can effectively manage the predicted demand for FluVax."
2025-04-24,Bur Dubai,68,32,43,19,10,209.30882173550154,"### 1. Why this prediction makes sense:
The predicted demand of 209 units of FluVax correlates with the observed increase in flu and respiratory cases reported by hospitals and GP practices. The total number of flu-related cases (68 hospital + 32 GP = 100) suggests a significant flu presence, while the combined respiratory cases (43 hospital + 19 GP = 62) reinforces heightened illness in the population, necessitating adequate vaccination supplies.

### 2. The most influential factors:
- **Hospital flu cases (68)**: Primary driver of demand, indicating a significant outbreak.
- **GP flu cases (32)**: Provides additional context of flu prevalence.
- **Hospital respiratory cases (43)**: Shows increased illness that may lead to vaccination requirements.
- **Social media flu mentions (10)**: Indicates public concern and potential for increased vaccination interest, albeit less influential than case numbers.

### 3. Recommendations for the logistics team:
- **Ensure timely supply**: Prepare to allocate 209 units of FluVax to regions with the highest reported flu cases to meet anticipated demand.
- **Monitor case trends**: Continuously track flu and respiratory case trends to adjust supply as needed.
- **Enhance communication**: Engage healthcare providers to inform them of potential increased demand and the importance of promoting vaccination.

### 4. Potential risks or uncertainties:
- **Data variability**: Inaccurate case reporting could lead to discrepancies in demand forecasting.
- **Seasonal changes**: Sudden drops or spikes in flu incidence may affect actual demand versus predictions.
- **Public response**: Changes in public perception about vaccinations (due to misinformation) could impact actual uptake despite high case numbers."
2025-04-24,Jumeirah,85,35,48,18,10,198.9420405059269,"### 1. Justification of the Prediction
The predicted demand of 199 units of FluVax is grounded in existing flu cases reported by hospitals and GPs, supplemented by social media mentions, indicating heightened public awareness and demand. The total flu and respiratory cases (85 + 35 + 48 + 18 = 186) suggest a substantial need that, when combined with additional demand signals from social media, supports the forecast of 199 units.

### 2. Most Influential Factors
- **Hospital Flu Cases (85)**: Represents a significant and critical source of demand, indicating a direct need for vaccination.
- **GP Flu Cases (35)**: Adds to overall demand, reflecting community-level flu cases.
- **Social Media Mentions (10)**: Suggests rising public interest or concern, potentially influencing individuals to seek vaccination.

### 3. Recommendations for the Logistics Team
- **Inventory Management**: Ensure adequate stock levels are maintained, anticipating further increases in demand as flu season progresses.
- **Distribution Strategy**: Prioritize allocation to hospitals and GP practices with the highest case counts.
- **Monitoring Social Media**: Continuously track public sentiment and mentions to adjust logistics dynamically based on real-time demand signals.

### 4. Potential Risks or Uncertainties
- **Evolving Trends**: Sudden changes in flu case volumes or public sentiment could alter demand unpredictably.
- **Healthcare Capacity**: Hospital and GP limitations may affect the ability to administer vaccines even if demand exists.
- **Supply Chain Disruptions**: External factors such as transportation issues or manufacturing delays could impact availability of FluVax units."
2025-04-24,Deira,86,35,49,20,9,254.7393956242205,"### Analysis of Predicted Demand for FluVax

1. **Why this Prediction Makes Sense**:
   The prediction of 255 units of FluVax is reasonable given the current flu case metrics. With a total of 86 hospital flu cases and 35 GP flu cases, there is a clear indicator of existing demand. Additionally, respiratory cases related to flu can increase overall vaccine demand.

2. **Most Influential Factors**:
   - **Hospital Flu Cases (86)**: A high number directly correlates with vaccine needs.
   - **GP Flu Cases (35)**: Provides additional context and reinforces flu prevalence in the community.
   - **Hospital Respiratory Cases (49)**: Suggests an elevated incidence of related health issues requiring vaccination.
   - **Social Media Mentions (9)**: Reflects public awareness and potential increase in demand related to perceived healthcare needs.

3. **Recommendations for the Logistics Team**:
   - **Prepare for Increased Demand**: Ensure sufficient stock levels are maintained, factoring in hospital and GP needs.
   - **Monitor Trends**: Regularly track flu cases and social media buzz as they can be precursors to demand spikes.
   - **Enhance Distribution Channels**: Optimize routes and ensure timely delivery to hospitals and GP practices, focusing on areas with higher case loads.

4. **Potential Risks or Uncertainties**:
   - **Seasonal Variability**: Flu patterns can be unpredictable; a sudden decline in cases could lead to excess inventory.
   - **Public Hesitancy**: Variability in public willingness to get vaccinated may impact demand despite case numbers.
   - **Supply Chain Disruptions**: Factors such as transportation issues or supplier delays could affect the availability of FluVax.

This structured approach will help the logistics team efficiently meet anticipated demand while mitigating risks associated with uncertainties."
2025-04-24,Bur Dubai,66,21,35,12,14,209.5465492375396,"### 1. Rationale Behind the Prediction
The predicted demand of 210 units of FluVax is a result of correlating flu-related cases reported through hospitals and general practitioners (GPs) along with social media mentions. Given that 66 hospital flu cases and 21 GP flu cases collectively reflect significant flu activity, the increased incidence indicates heightened demand for vaccinations. 

### 2. Influential Factors
- **Hospital Flu Cases (66)**: High patient volume indicating severe flu impact.
- **GP Flu Cases (21)**: Complementary data reflecting community-level flu activity.
- **Social Media Mentions (14)**: Sign of public awareness and potential demand.

### 3. Recommendations for the Logistics Team
- **Inventory Assessment**: Ensure inventory levels are aligned with the 210 units to meet demand.
- **Distribution Strategy**: Prioritize shipment to areas with higher hospital and GP case numbers.
- **Monitoring System**: Establish a dynamic tracking system for flu cases to adjust inventory as needed.

### 4. Potential Risks or Uncertainties
- **Data Variability**: Flu case reports can fluctuate rapidly; increased demand may not sustain.
- **Public Behavior**: Social media mentions do not always translate to actual vaccination uptake.
- **Supply Chain Disruptions**: External factors such as shipping delays or raw material shortages could impact timely distribution."
2025-04-24,Jumeirah,88,42,59,19,22,313.5317605515977,"### Analysis of Predicted Demand for 314 Units of FluVax

1. **Why This Prediction Makes Sense:**
   The predicted demand of 314 units corresponds to the aggregate flu case data and additional influences. With a total of 88 hospital flu cases and 42 GP cases (130 total), respiratory illnesses (59 hospital and 19 GP cases) contribute to heightened awareness and demand for vaccinations. Social media mentions (22) suggest public concern, reinforcing the need for proactive health measures.

2. **Most Influential Factors:**
   - **Total Flu Cases:** The 130 flu cases directly indicate a potential need for vaccinations.
   - **Respiratory Cases:** The additional 78 respiratory cases reflect increased illness severity and can lead to higher flu shot demand.
   - **Social Media Mentions:** This factor indicates growing public awareness and concern about flu outbreaks, likely influencing purchasing behavior.

3. **Recommendations for the Logistics Team:**
   - **Increase Supply Readiness:** Ensure that 314 units of FluVax are readily available to meet projected demand.
   - **Monitor Trends:** Track hospital and GP case rates continuously, alongside social media sentiment, to adjust supply levels proactively.
   - **Engage with Stakeholders:** Collaborate with hospitals and GP practices to understand evolving needs and improve demand forecasting.

4. **Potential Risks or Uncertainties:**
   - **Data Volatility:** Case numbers may fluctuate rapidly, leading to either underestimation or overestimation of vaccine needs.
   - **Public Sentiment Shifts:** Changes in social media sentiment can quickly alter public demand for vaccination.
   - **Logistical Challenges:** Supply chain disruptions may hinder the timely availability of FluVax, affecting overall vaccination efforts and public health outcomes. 

In conclusion, while the prediction of 314 units is rooted in solid case data and awareness indicators, remaining agile in response to real-time trends and challenges will be essential for effective logistics management."
2025-04-24,Deira,92,34,51,21,13,276.4949973092833,"### 1. Why this Prediction Makes Sense
The predicted demand of 276 units for FluVax is based on an aggregation of flu and respiratory cases reported in hospitals and general practice (GP), along with social media mentions. The data reflects current flu activity levels, suggestive of heightened need for vaccination.

### 2. Most Influential Factors
- **Hospital Flu Cases (92)** and **GP Flu Cases (34)**: These indicate a significant number of active flu cases, driving the demand for preventive measures like flu vaccines.
- **Hospital Respiratory Cases (51)** and **GP Respiratory Cases (21)**: Respiratory illness often correlates with flu cases, suggesting a broader community health issue potentially increasing vaccine demand.
- **Social Media Flu Mentions (13)**: Emerging trends and public awareness can influence vaccination uptake.

### 3. Recommendations for the Logistics Team
- **Ensure Adequate Inventory**: Maintain stock levels that meet or exceed the predicted demand.
- **Monitor Data Continuously**: Implement ongoing monitoring of flu cases and social media activity to adjust supply accordingly.
- **Prepare for Quick Distribution**: Enhance distribution capabilities to respond to spikes in demand rapidly.

### 4. Potential Risks or Uncertainties
- **Underreporting**: Cases may be underreported, leading to an inaccurate demand prediction.
- **Vaccine Hesitancy**: Public reluctance to get vaccinated could reduce actual demand despite predicted levels.
- **Supply Chain Disruptions**: External factors like manufacturing issues or transportation delays could impact availability.

By taking a data-driven approach and recognizing these factors, the logistics team can better prepare for the anticipated demand of FluVax."
2025-04-24,Bur Dubai,63,33,43,20,6,188.17566420982124,"### Analysis of Predicted Demand for FluVax (188 units)

1. **Rationale for Prediction:**
   - The demand prediction of 188 units is backed by the total flu cases reported (96 cases from hospitals and GP), combined with respiratory cases (63 cases). This demand reflects typical vaccine coverage rates, assuming each case may lead to vaccination to mitigate further illness.

2. **Most Influential Factors:**
   - **Hospital Flu Cases (63)**: Direct correlation to vaccine uptake; higher hospitalization indicates higher risk of severe flu, prompting vaccination.
   - **GP Flu Cases (33)**: Reflects community-level infections, increasing demand as general practitioners encourage vaccination.
   - **Hospital Respiratory Cases (43)**: Respiratory cases can signal complications from flu, increasing urgency for vaccination.
   - **Social Media Mentions (6)**: Indicates public awareness; even a few mentions can influence community perceptions and increase demand.

3. **Recommendations for the Logistics Team:**
   - **Inventory Allocation**: Ensure adequate stock of 188 units is available at distribution points, considering local trends in flu cases.
   - **Monitoring**: Continuously monitor flu case trends and social media sentiment to adjust inventory proactively.
   - **Collaboration with Healthcare Providers**: Engage with hospitals and GP offices to promote vaccine uptake, focusing on areas of high need.

4. **Potential Risks or Uncertainties:**
   - **Underreporting of Cases**: Actual flu cases may be higher than reported, leading to potential underestimation of demand.
   - **Public Sentiment on Vaccinations**: Changing attitudes or misinformation about vaccines could affect uptake.
   - **Supply Chain Disruptions**: Unexpected events (e.g., shipping delays, regulatory issues) could hinder timely distribution.

In conclusion, while the prediction for 188 units is data-driven and plausible, the logistics team should remain agile and responsive to both healthcare trends and external factors to ensure adequate supply and distribution."
2025-04-24,Jumeirah,78,33,54,11,11,210.51333750224705,"### Analysis of Predicted Demand for FluVax

1. **Prediction Rationale**:
   The predicted demand of 211 units is a direct response to the observed flu and respiratory cases reported in both hospitals and GP facilities. The combined total of flu cases (111 cases) and respiratory cases (65 cases) indicates a heightened need for vaccination. Additionally, the social media mentions (11) reflect growing public conversation around flu prevention, likely driving demand.

2. **Most Influential Factors**:
   - **Hospital and GP Flu Cases**: Total of 111 cases directly correlates with vaccination needs.
   - **Hospital and GP Respiratory Cases**: Total of 65 cases could indicate increased complications related to flu infections, suggesting a need for more vaccines.
   - **Social Media Mentions**: The 11 social media mentions may indicate community awareness and urgency around flu vaccination.

3. **Recommendations for the Logistics Team**:
   - **Inventory Management**: Ensure stock levels are maintained to meet the predicted demand while allowing for variations in case numbers.
   - **Monitoring & Analytics**: Continuously track flu and respiratory case data along with social media trends to adjust the supply dynamically.
   - **Distribution Planning**: Coordinate deliveries to hospitals and GP practices based on their reported case loads, prioritizing high-need areas.

4. **Potential Risks or Uncertainties**:
   - **Case Fluctuations**: Unexpected spikes or decreases in flu and respiratory cases could lead to either surplus or shortages.
   - **Social Media Accuracy**: Mentions may not accurately reflect the public's intention to get vaccinated, leading to misestimations of demand.
   - **Logistical Constraints**: Delays in transportation or distribution can affect timely delivery, especially during peak flu season.

Overall, the analysis supports the demand projection but highlights the necessity for agile logistics and continuous monitoring to adapt to real-time data changes."
2025-04-24,Deira,98,42,55,17,18,277.0180659526361,"### Analysis of Predicted Demand for 277 Units of FluVax

1. **Why this Prediction Makes Sense:**
   - The predicted demand of 277 units is a rational response to the current flu and respiratory case data. With a combined total of 211 flu-related cases (98 hospital + 42 GP + 55 hospital respiratory + 17 GP respiratory), there is a significant clinical need that would necessitate vaccinations, complemented by social media mentions indicating public awareness or concern.

2. **Most Influential Factors:**
   - **Hospital Flu Cases (98)**: High hospital cases suggest a palpable outbreak, driving demand.
   - **General Practitioner (GP) Flu Cases (42)**: Community flu cases additionally signal demand for preventive measures.
   - **Social Media Mentions (18)**: Reflects public sentiment and concern, increasing awareness and potential demand.

3. **Recommendations for the Logistics Team:**
   - **Inventory Management**: Prepare and distribute 277 units promptly to high-demand areas such as hospitals and GP clinics.
   - **Monitoring and Adaptation**: Continuously track flu cases and social media trends to dynamically adjust supplies as needed.
   - **Stakeholder Communication**: Ensure clear communication with healthcare providers to anticipate any surge in demand.

4. **Potential Risks or Uncertainties:**
   - **Fluctuating Case Numbers**: Rapid changes in flu case rates may lead to misestimation of demand.
   - **Public Perception**: If the flu situation resolves swiftly, demand for FluVax may decline, resulting in surplus.
   - **Supply Chain Disruptions**: Delays in production or distribution could hinder timely availability of FluVax despite demand. 

This concise analysis aids in strategic logistics planning to adequately meet the predicted demand while recognizing underlying uncertainties and risks."
2025-04-24,Bur Dubai,58,18,32,9,3,210.74004461141365,"### Analysis of Predicted Demand for FluVax (211 units)

1. **Why This Prediction Makes Sense**:
   - The overall flu cases (hospital + GP) total 76, indicating a significant uptick in demand driven by illness prevalence. The prediction of 211 units accounts for both current cases and anticipated increases, given seasonal flu dynamics and the need for widespread vaccination.

2. **Most Influential Factors**:
   - The high number of hospital and GP flu cases (76 total) serves as the primary driver of demand. The respiratory cases, while slightly less indicative, still contribute to the overall need for preventive measures. Social media mentions suggest awareness and concern may be rising, though their impact is minimal compared to clinical case data.

3. **Recommendations for the Logistics Team**:
   - Ensure adequate supply of FluVax in light of rising clinical cases.
   - Monitor regional flu trends and adjust distribution strategies accordingly to meet potential surges.
   - Collaborate with healthcare providers to facilitate vaccinations in a timely manner.

4. **Potential Risks or Uncertainties**:
   - **Underreporting of Cases**: The actual flu incidence could be higher than reported, which may necessitate scaling up supply rapidly.
   - **Supply Chain Disruptions**: Potential logistic challenges could hinder distribution.
   - **Public Response Variability**: Changes in vaccination uptake due to public sentiment or misinformation on social media may impact actual demand."
2025-04-24,Jumeirah,102,35,71,20,9,236.4986440604875,"### Analysis of Predicted Demand for 236 Units of FluVax

1. **Rationale for Prediction**:
   The predicted demand of 236 units aligns with the total flu-related cases, which sum up to 238 (hospital flu: 102 + GP flu: 35 + hospital respiratory: 71 + GP respiratory: 20). The slight discrepancy with social media mentions, while low (9), indicates potential public awareness that may not yet reflect in patient visits.

2. **Most Influential Factors**:
   - **Hospital flu cases (102)**: High hospital admissions indicate severe flu activity and likely demand for vaccinations.
   - **GP flu cases (35)**: Reflects community-level illnesses contributing to vaccination needs.
   - **Hospital respiratory cases (71)**: Respiratory health issues often correlate with flu spikes, adding to the anticipated demand.

3. **Recommendations for the Logistics Team**:
   - **Maintain Inventory Flexibility**: Given the close correlation between hospital cases and anticipated demand, ensure that the supply chain remains adaptable for potential fluctuations.
   - **Increase Communication with Healthcare Providers**: Regular updates from hospitals and GP offices could help align inventory with real-time demand changes.
   - **Monitor Social Media Trends**: Although mentions are low, they can offer insights into public sentiment and potential surges in vaccination requests.

4. **Potential Risks or Uncertainties**:
   - **Inaccurate Case Reporting**: Variability in flu case reporting may lead to discrepancies in real demand.
   - **Public Perception and Vaccine Hesitancy**: Continuous public sentiment can alter demand unpredictably based on social factors or misinformation.
   - **Supply Chain Disruptions**: External factors could impede logistics, impacting timely delivery of FluVax.

By closely monitoring these factors and preparing for variations, the logistics team can effectively manage the distribution of FluVax to meet anticipated demand."
2025-04-24,Deira,82,40,40,19,10,235.3137666791191,"### Demand Analysis for FluVax

#### 1. Rationale for Prediction
The predicted demand of 235 units is derived from analyzing the case data across hospitals and GP visits, along with social media mentions. The combination of flu and respiratory cases indicates a heightened awareness and need for flu vaccinations, as these conditions often co-occur or increase in similar populations.

#### 2. Influential Factors
- **Hospital Flu Cases (82)** and **GP Flu Cases (40):** These account for the majority of the flu-related demand, indicating a strong clinical need.
- **Hospital Respiratory Cases (40)** and **GP Respiratory Cases (19):** These cases often correlate with flu outbreaks, highlighting an additional risk factor leading to increased vaccination needs.
- **Social Media Flu Mentions (10):** This reflects public interest and concern, likely driving individuals to seek vaccinations.

#### 3. Recommendations for Logistics Team
- **Increase Inventory:** Ensure sufficient stock levels above the predicted demand to accommodate potential spikes.
- **Monitor Trends:** Continuously track flu case numbers and social media mentions for real-time adjustments to supply.
- **Distribution Readiness:** Optimize delivery schedules to ensure timeliness for high-demand areas, particularly hospitals and clinics based on case load.

#### 4. Potential Risks or Uncertainties
- **Inaccurate Case Reporting:** Cases may be underreported, leading to underestimated demand.
- **Alternative Treatments:** Public preference may shift to alternative treatments or vaccines, impacting demand.
- **Seasonal Variability:** Flu season intensity can vary year-to-year, creating unpredictability in demand fluctuations.

By understanding these factors, the logistics team can proactively manage the distribution of FluVax, ensuring adequate supply to meet the predicted demand effectively."
2025-04-24,Bur Dubai,65,25,37,7,1,241.40842654622406,"### Predicted Demand Analysis for FluVax (241 units)

1. **Rationale for Prediction:**
   The projected demand of 241 units of FluVax aligns with observed flu and respiratory cases across both hospital and GP settings. The combination of 65 hospital flu cases and 25 GP flu cases indicates a higher need for flu vaccines in response to actual patient presentations. 

2. **Influential Factors:**
   - **Hospital Flu Cases (65):** High number signifies acute need for FluVax in hospitals.
   - **GP Flu Cases (25):** Indicates ongoing demand within primary care settings.
   - **Hospital Respiratory Cases (37) and GP Respiratory Cases (7):** Suggests potential overlap with flu cases, as respiratory illnesses can lead to flu vaccinations.
   - **Social Media Mentions (1):** Minimal effect, suggesting low public awareness or engagement regarding flu-risk discussions.

3. **Recommendations for the Logistics Team:**
   - Ensure adequate stock and distribution channels are prepared based on current flu and respiratory cases, particularly in hospitals and GPs.
   - Monitor flu cases continuously to adjust inventory levels dynamically.
   - Enhance collaboration with healthcare providers to obtain real-time updates on flu trends.

4. **Potential Risks or Uncertainties:**
   - **Variability in Flu Incidence:** Sudden spikes in flu cases beyond current levels may increase demand unexpectedly.
   - **Public Engagement:** Low social media mentions indicate a potential lack of awareness, which may affect vaccine uptake.
   - **Seasonality and Timing:** The flu season's unpredictability could impact when demand peaks and logistics timing.

In summary, the predicted demand for 241 units of FluVax is relatively substantiated by current case numbers, but necessitates proactive inventory management and monitoring for fluctuations."
2025-04-24,Jumeirah,78,32,50,15,12,257.24659788905103,"### 1. Prediction Rationale:
The predicted demand of 257 units of FluVax is grounded in the observed flu and respiratory cases, which indicate a higher prevalence of disease prompting vaccination. Combining both hospital and GP flu cases (110 cases) with respiratory cases (65 cases) highlights a significant health issue. The social media mentions further signal public awareness and concern, potentially influencing vaccination uptake.

### 2. Influential Factors:
- **Hospital and GP Flu Cases (110 cases total)**: Directly related to the need for vaccinations.
- **Hospital and GP Respiratory Cases (65 cases total)**: These cases may prompt individuals to seek flu vaccinations to prevent additional complications.
- **Social Media Flu Mentions (12)**: Reflects community engagement and can affect demand perception.

### 3. Recommendations for Logistics Team:
- **Inventory Management**: Ensure sufficient stock of FluVax to meet the predicted demand, considering proactive reordering based on real-time case developments.
- **Distribution Partnerships**: Strengthen collaborations with hospitals and GP practices to facilitate rapid distribution as cases rise.
- **Public Awareness Campaigns**: Utilize insights from social media to target vaccination campaigns and remain responsive to community concerns.

### 4. Potential Risks or Uncertainties:
- **Fluctuating Case Numbers**: Sudden changes in flu or respiratory cases could lead to demand spikes or declines.
- **Vaccine Acceptance**: Public hesitancy or misinformation could affect actual uptake despite demand predictions.
- **Logistical Challenges**: Potential supply chain disruptions or regulatory changes could impact vaccine availability.

In summary, the data supports a robust demand forecast for FluVax, influenced primarily by observed health cases and public sentiment. The logistics team should prepare accordingly while remaining cautious of the inherent uncertainties in healthcare dynamics."
